94
18
110
185
5
63
2
123
116
138
84
32
85
176
24
114
151
131
165
144
31
159
179
127
68
146
39
197
147
137
61
25
9
168
161
167
143
98
97
71
104
192
181
158
164
153
190
113
103
157
187
17
26
182
134
75
109
15
189
108
163
141
76
173
11
33
59
154
122
42
38
67
47
99
49
115
191
13
91
200
140
152
149
50
19
119
83
155
54
77
111
36
133
184
106
135
121
80
178
112
78
105
177
58
128
46
52
89
62
8
124
174
132
183
65
186
196
35
96
142
57
145
1
169
90
40
118
10
51
194
88
120
125
117
199
37
55
195
7
66
27
34
3
79
48
4
28
130
73
162
188
14
23
156
87
93
129
139
180
148
69
172
126
95
82
30
22
56
86
166
53
198
64
170
171
43
70
193
29
44
21
12
150
92
20
16
60
107
6
160
74
72
100
136
41
81
101
175
45
102
