1236
924
1264
1711
683
1428
1445
1255
889
1077
229
951
1589
621
1075
31
734
585
323
1346
1660
1977
1938
1315
1013
861
1401
1834
1970
1596
203
714
24
884
170
327
1958
1531
30
1538
1206
875
293
835
715
138
454
181
356
482
1398
105
1167
1772
93
1701
831
1082
1049
1621
112
770
959
1444
1034
1582
124
107
1227
66
343
383
1011
1220
1914
434
581
1308
1179
930
1416
1312
447
1226
674
1571
1201
404
778
177
910
502
393
1276
1522
407
1293
942
1280
631
1243
1143
909
785
76
1394
1359
1218
224
1007
1461
180
506
451
1654
865
1499
606
1496
1466
210
1171
267
741
1392
1172
1006
1019
1553
1058
1126
625
565
1343
768
1446
489
499
1244
1443
14
1715
1602
1281
1662
1512
1507
315
1991
1666
782
435
751
486
859
1877
1637
120
929
972
1929
1719
1802
399
618
1304
140
378
813
1403
1856
1078
1753
1853
964
1351
1990
1435
684
1557
1699
808
1209
1825
1133
572
872
1335
233
761
644
1240
1963
485
650
1483
920
1252
1154
85
1857
9
464
205
1667
1040
1934
531
157
649
825
1687
1888
95
344
90
324
1462
1592
317
1350
1194
1816
213
1861
604
162
1800
775
1221
707
965
119
586
940
1476
916
84
1202
1572
1132
228
396
917
1162
911
1766
264
1916
988
279
1148
1713
592
950
1694
1029
1014
653
1619
670
829
1693
956
1511
1318
846
921
1848
878
80
258
1824
1614
512
1865
783
455
1806
158
1146
1709
373
337
1535
1149
1189
1613
1002
1821
403
259
1257
857
826
690
1798
1546
1722
149
1238
1232
682
1097
1217
524
1776
1534
1585
658
1117
103
630
913
1273
1765
104
1881
691
611
1996
472
1239
627
1932
1611
858
1474
1669
1833
1072
641
125
1676
737
866
1808
1436
408
789
398
1173
1644
1744
1723
1665
1258
893
501
711
1055
1886
1760
1860
1437
1322
1164
1926
753
516
12
99
807
46
1768
386
240
333
1101
791
698
384
1743
1763
1324
372
1731
1433
91
6
129
1789
1459
1024
214
1785
114
179
1579
995
1145
982
1471
193
215
237
624
1180
722
1031
58
470
292
1943
37
1420
615
352
19
656
574
1630
271
1944
877
161
634
514
360
1700
1379
242
299
563
958
152
1342
1357
837
1823
1973
539
1110
584
1405
601
1520
1525
1627
747
1812
165
1486
1004
1721
994
1292
368
667
1720
1497
348
1091
888
1653
198
349
702
599
600
36
206
1056
1048
113
1638
1782
1819
1411
309
1578
1620
1245
985
1261
1463
1688
1427
1807
1863
648
697
1356
1704
44
1130
142
221
708
1777
440
1795
1103
1517
784
1417
225
1460
1197
196
1339
905
685
1042
438
887
1649
418
330
773
1894
703
799
543
744
652
136
1628
1836
1073
1063
69
591
579
1422
74
1378
529
597
973
1372
742
1952
313
729
1067
301
952
1878
1170
1369
1794
954
1349
533
873
101
406
50
1085
772
740
1278
419
245
669
762
779
1479
1642
1001
1204
1623
305
1962
817
912
200
1057
1286
1811
1915
1306
1384
850
1469
1225
795
67
1781
1908
1873
64
1560
1580
1043
758
1615
1698
1536
1412
792
515
417
1527
1866
1485
204
1270
441
1068
13
1528
1098
876
285
1414
1039
1521
16
366
1430
1681
1100
680
415
890
238
999
663
967
248
146
1037
628
5
695
1038
553
307
1734
1381
1634
1347
319
409
439
1646
1975
1735
934
836
1840
1733
1332
833
844
1797
1831
527
1838
686
953
811
1457
764
294
1265
738
1051
1710
1570
1691
1960
33
1541
1064
838
1555
446
178
657
1505
1088
1947
1716
1939
733
1708
478
824
25
190
767
1755
1911
262
1639
212
1774
1937
10
1887
1478
1532
617
1778
1492
1730
1983
246
1548
749
662
135
1294
607
144
626
1151
694
1583
528
977
1696
83
1648
1554
1595
936
131
577
1609
1010
1608
236
867
1121
1645
1454
96
1843
278
545
329
1510
701
815
1362
389
1272
659
1181
379
1041
1099
693
848
1229
1390
822
1981
595
1600
1028
387
1828
1847
992
1796
1192
1374
1020
928
1045
111
1882
1021
1424
1016
1166
1032
1563
197
172
1320
53
410
1219
57
504
1793
394
1495
1207
51
11
1421
134
117
743
1136
367
854
1787
1949
1355
15
1695
462
357
289
498
978
1652
1712
1980
605
468
1385
1054
494
571
151
673
1664
948
717
1814
251
551
654
380
1689
49
1153
283
536
1432
427
750
555
522
460
173
52
509
72
699
1370
1568
1113
1453
1123
1739
388
1203
1922
676
1311
1415
220
253
1837
926
1707
639
1026
849
1682
1175
1187
355
194
1985
1893
1799
1987
1115
1993
632
1650
362
1317
1783
423
724
189
1912
688
745
261
1954
902
1587
1903
186
1529
769
1182
1717
1636
550
933
1168
370
1314
507
534
480
1125
8
1575
587
526
763
1070
1408
981
281
1594
1052
1434
660
433
81
830
1330
901
202
1023
558
166
1005
827
1745
1910
40
282
1325
1902
882
664
1188
505
679
728
243
463
1966
143
70
1508
385
1080
1199
677
548
1605
369
1482
239
1829
1066
1703
1025
26
1933
908
1506
1186
576
272
1396
1176
1268
1677
794
1792
1141
1849
1683
4
979
1948
23
651
1612
1786
444
1253
353
459
339
640
21
622
1263
941
345
1692
1950
1817
1852
596
1336
232
939
1159
523
1106
1397
1775
700
159
1503
351
34
1084
1367
1870
500
996
1488
1573
43
1891
1012
321
118
1118
1604
187
1690
756
704
914
989
671
530
1214
1455
493
1784
646
1440
1736
1131
1323
765
1216
1851
467
1377
1452
476
870
879
984
318
286
900
1009
426
537
235
801
1491
1409
1885
1822
1275
802
894
712
249
334
450
300
1964
1241
1940
757
1920
525
519
638
998
613
199
1552
160
155
852
1809
38
1442
668
126
1674
133
128
382
1388
1672
1195
1509
414
546
297
1044
192
593
1936
1813
1116
874
1941
1790
1353
1675
491
1198
760
1328
661
1251
798
332
814
302
445
629
1419
18
1668
1423
1363
1591
1805
508
1375
906
175
422
1533
1515
1502
834
503
1490
1584
266
497
1625
1780
401
1830
1904
723
1588
1826
1316
1746
106
1832
1803
1373
1925
174
518
970
306
1895
896
79
961
1000
1641
1348
1105
1487
1742
88
122
316
823
1899
411
1659
391
416
675
338
1751
277
87
1288
29
1271
1764
342
257
804
851
1871
1815
1410
1407
780
705
474
1402
1561
575
788
1759
716
171
1629
1737
1942
949
1919
1425
295
481
1185
182
1593
185
1061
721
22
1581
263
1250
48
1586
1468
853
1747
573
1399
1988
1995
766
678
234
1303
176
1
1820
1406
1235
3
431
141
7
589
395
1537
1606
511
532
55
1134
163
1726
115
145
150
1979
666
354
832
895
254
1404
363
1095
1965
1569
457
296
1994
847
1855
1513
731
1999
487
1155
1127
1978
1854
108
1386
1079
1033
275
20
840
1391
1365
681
1222
1337
132
1086
1924
1680
1889
966
304
432
636
726
1282
1761
290
1458
1718
616
1174
109
935
993
542
56
1500
346
1285
1984
696
886
797
1083
1094
1862
1526
1137
1358
167
1074
608
73
1599
241
265
1626
643
771
341
1918
1249
1959
1087
1165
458
860
169
483
881
492
1732
974
424
1749
303
1389
1493
1762
647
925
1901
552
1256
1542
1868
1307
1516
754
1283
168
350
1224
1089
291
612
960
1779
1069
1295
1498
1383
805
32
1109
594
1767
1360
39
1451
311
1184
633
1562
1617
786
322
1393
1371
1728
567
1968
97
94
1190
868
1368
130
89
1035
1997
188
209
1651
752
1590
538
325
231
1449
139
796
1228
1913
75
1333
211
27
260
947
207
437
1114
1447
60
578
1935
1876
154
61
1104
495
1310
1754
1658
218
897
1352
642
336
1269
819
1211
1501
1071
1750
1093
1972
1635
1896
1565
557
466
1331
521
986
92
535
1564
1223
1364
121
1545
1289
880
1647
425
1607
1603
809
268
1818
488
1756
288
1053
1111
864
1191
1791
816
1119
1062
1340
1260
1869
1748
365
1259
1300
1138
946
800
1610
1213
1633
71
1008
1810
358
544
65
777
137
1969
156
1770
520
371
469
1262
980
927
400
968
1200
588
1898
1930
1329
1096
1361
987
1472
1850
602
1679
347
1326
1905
990
1108
922
116
1450
1274
1439
1467
1027
1150
1953
904
1643
110
1287
1514
1844
1956
452
413
871
471
1601
1387
1246
759
856
1147
247
962
359
219
54
63
274
1556
937
184
1480
1706
195
201
672
127
1448
98
475
635
1266
706
1622
252
991
1845
17
1193
244
340
1769
320
1234
477
1076
1967
147
436
1092
191
68
1212
556
1144
540
461
1107
1656
739
1030
402
208
1205
1640
564
420
42
1277
590
1729
918
1909
806
1741
1441
1395
1846
1158
583
1456
869
1655
687
818
1438
1120
1550
1971
312
541
1177
719
1178
1530
1892
1301
842
903
1705
1338
1233
381
280
1884
1376
1663
549
2000
1788
1616
273
923
1946
1290
1566
1298
932
1321
787
102
428
1140
1547
891
1883
1366
885
746
820
1382
1961
955
1976
976
1237
1989
619
983
1327
1928
1738
1291
448
78
1839
1598
843
314
1060
938
915
397
1906
710
45
713
230
1917
269
1112
655
1955
1210
1313
1081
1413
810
1344
1464
1047
570
1835
945
517
1801
1567
284
335
479
566
1152
1724
392
1574
1684
328
1400
931
1139
1559
1465
907
1673
405
1524
1576
1686
1519
1931
429
971
82
1122
957
1540
899
1017
1864
223
1129
1431
412
465
1897
1875
1183
1757
732
148
1046
421
1827
1951
969
821
1577
47
841
1267
1890
298
665
1296
1341
1036
862
217
276
250
943
560
1489
554
1727
774
77
727
1539
598
326
547
1752
1334
569
1426
222
1773
100
41
997
1473
580
892
1740
645
1247
1470
484
62
1804
183
1518
1986
1771
755
637
164
1702
1196
375
1872
1678
1015
718
845
1090
736
603
1907
1254
473
442
1160
496
944
863
270
730
256
1418
2
1544
1632
1279
374
490
1758
561
1879
1927
1551
559
1102
1494
1157
562
1484
689
1661
1018
1231
1523
1477
582
510
975
725
1163
227
430
1305
1900
1297
1481
1230
1003
1022
361
1841
1302
1429
35
1242
1714
748
86
609
1354
898
883
1697
614
790
1618
513
793
376
1345
1671
443
1284
1135
1065
828
59
1725
1142
1982
776
803
1543
364
568
1475
1059
1657
839
1208
453
1161
377
310
623
1998
1504
226
216
1248
620
781
1309
287
153
1549
331
610
1685
1380
735
1128
1858
1859
1921
1156
1124
28
1957
308
812
963
1874
1974
1299
1670
390
1880
1215
1923
1624
1319
855
1597
1558
692
255
1050
1169
709
1631
1945
1992
1867
456
720
1842
449
919
123