157
122
341
98
196
214
273
323
164
134
363
12
167
391
216
287
180
247
192
301
185
152
65
124
140
125
75
297
168
269
102
117
50
228
317
237
384
9
190
353
213
379
352
159
13
23
11
49
109
66
236
22
187
325
337
173
294
43
288
333
283
217
257
354
222
26
29
33
232
59
162
154
299
316
357
368
367
2
306
103
136
281
112
72
398
89
399
248
264
90
241
194
351
149
158
327
177
330
142
381
41
51
87
243
68
394
46
172
335
256
355
42
31
377
32
14
181
61
373
291
110
295
91
215
206
305
260
202
239
179
129
17
350
253
290
360
132
131
138
3
199
183
139
25
28
153
364
244
307
400
231
278
165
238
198
369
318
326
99
329
221
389
251
86
304
186
166
34
395
151
270
271
21
267
211
24
263
93
188
170
171
204
10
111
246
339
73
220
210
156
266
388
245
119
380
107
174
226
218
191
223
331
345
393
342
396
30
82
374
311
38
319
275
96
1
332
77
227
135
205
293
45
310
178
116
219
95
279
272
40
235
322
85
145
74
390
58
146
262
27
128
7
207
19
308
292
365
197
309
397
56
36
261
324
358
55
97
115
249
286
193
92
313
250
302
184
362
84
268
328
118
366
385
67
133
35
106
274
8
320
79
57
303
230
81
114
62
383
195
387
148
176
378
285
370
255
182
130
359
334
120
233
71
113
144
277
321
63
60
70
78
315
101
343
224
150
300
37
5
94
340
382
376
64
20
105
108
147
18
209
16
189
259
203
348
15
121
372
155
298
338
312
289
76
392
48
6
175
52
282
123
4
386
54
375
39
160
88
161
208
240
229
314
126
346
356
276
44
141
234
252
163
258
296
336
53
47
347
100
254
80
201
344
242
284
143
83
69
212
265
127
349
225
169
200
361
371
137
280
104
