197
61
140
126
300
114
303
185
178
124
107
77
158
478
372
32
348
99
88
3
161
323
354
326
476
412
288
455
480
474
306
450
350
161
405
97
309
144
494
76
375
308
465
274
370
26
155
131
143
312
381
348
434
403
476
168
206
191
54
267
400
140
308
11
252
12
150
233
83
339
237
142
465
17
201
23
281
147
321
203
374
323
37
110
42
295
229
325
253
118
421
244
267
246
251
208
470
279
438
229
188
66
480
461
49
349
67
395
347
432
166
400
291
288
33
463
135
367
492
410
107
11
278
70
110
141
49
179
37
85
338
427
187
350
33
242
350
61
357
9
71
252
136
232
246
477
495
413
21
116
348
258
0
218
382
288
365
182
275
364
467
307
205
170
204
391
230
192
417
24
102
393
32
81
496
20
165
461
51
361
387
7
47
435
253
141
265
405
449
233
221
86
94
468
278
326
399
244
361
459
39
321
88
348
439
253
193
162
144
222
91
137
437
489
312
390
413
184
173
36
7
154
203
82
85
110
492
405
460
204
272
28
253
106
398
151
402
438
269
451
48
70
22
465
385
276
118
143
49
21
446
196
315
369
2
99
294
234
343
338
252
57
220
220
102
300
230
234
222
315
452
448
13
435
413
373
152
110
326
110
341
313
147
396
130
111
266
389
42
257
487
377
195
323
166
384
441
82
320
471
372
464
73
420
418
195
178
301
132
269
248
211
329
198
422
156
476
12
334
29
465
255
125
389
351
105
310
197
273
481
330
188
276
165
417
327
17
181
365
431
443
273
75
126
428
31
347
43
303
171
270
429
313
236
368
7
216
168
58
411
401
472
93
35
275
488
100
357
310
189
210
155
217
135
30
323
139
391
472
399
154
248
22
140
316
199
165
475
470
385
242
185
48
453
120
65
128
478
192
30
53
175
115
309
168
23
87
482
15
35
424
321
181
307
103
67
224
208
434
35
431
420
15
399
362
474
408
192
196
398
337
92
4
467
340
43
156
493
429
206
63
185
125
359
147
479
115
42
194
50
12
298
228
16
274
33
346
85
289
353
189
94
343
9
77
125
108
189
292
122
218
374
153
476
375
193
315
59
293
23
95
346
316
166
424
15
451
261
181
439
91
295
320
377
83
169
485
108
233
271
309
194
373
2
374
244
39
28
292
457
403
369
395
258
323
437
89
12
387
141
234
267
66
315
282
303
55
276
250
330
363
266
185
85
396
298
142
225
325
4
262
338
139
70
226
200
247
28
351
453
322
28
459
120
127
118
377
460
32
415
3
1
486
268
342
388
442
181
499
348
454
259
462
340
163
241
285
355
49
85
390
123
418
278
473
214
376
157
228
414
370
28
125
388
348
375
267
279
222
4
160
187
132
64
486
263
373
329
163
180
133
205
150
381
451
222
260
281
436
61
130
401
396
371
433
70
375
253
24
384
111
11
276
245
446
104
389
70
284
96
245
243
401
353
228
462
254
434
352
323
50
48
245
426
226
78
189
421
442
183
427
82
118
229
179
176
294
293
96
96
431
73
305
296
452
317
295
49
97
235
340
326
8
192
440
115
122
2
437
41
231
233
318
114
294
358
65
63
1
13
77
338
383
277
162
443
165
152
368
462
73
274
372
370
90
417
179
227
326
371
404
412
405
209
296
350
270
61
219
377
196
407
138
458
249
140
40
245
449
163
148
33
383
63
244
9
330
91
378
414
396
242
202
291
88
253
37
371
215
47
122
30
154
53
207
88
308
227
488
228
314
105
482
160
174
119
460
480
281
341
10
380
294
288
381
297
466
137
308
203
163
40
141
79
131
206
453
129
144
136
238
297
415
195
90
31
10
59
417
216
381
243
420
63
216
339
247
255
147
283
329
123
320
274
69
17
172
204
185
87
390
469
381
42
160
308
456
256
363
18
11
190
56
222
194
196
162
292
67
437
184
198
324
119
159
387
17
6
158
391
335
146
237
454
255
242
6
277
481
219
297
48
159
44
425
284
430
153
283
12
9
134
63
370
184
400
293
338
416
143
75
479
448
303
295
407
370
222
116
113
8
24
125
353
483
316
489
37
333
159
418
102
0
84
144
366
315
93
387
242
324
451
278
445
21
465
466
101
298
417
401
40
421
454
28
217
130
192
156
2
224
41
200
175
34
446
294
360
315
222
81
186
400
418
208
335
104
366
182
195
368
302
476
262
91
258
149
295
65
124
299
172
361
362
350
467
160
454
212
119
135
364
210
253
405
216
145
110
230
451
135
353
316
17
479
262
350
470
126
86
